make: Entering directory '/home/user/soc_frame/systems/SoC_approx'
rm -rf logs obj_dir *.log *.dmp *.vpd core
make: Leaving directory '/home/user/soc_frame/systems/SoC_approx'
make: Entering directory '/home/user/soc_frame/systems/SoC_approx'
verilator  -cc --exe --trace --trace-max-array 20480000 -Wno-fatal -y ../../rtl/noc/noc_connect_16 top.sv sim_main.cpp
make -j 4 -C obj_dir -f Vtop.mk
make[1]: Entering directory '/home/user/soc_frame/systems/SoC_approx/obj_dir'
g++  -I.  -MMD -I/usr/share/verilator/include -I/usr/share/verilator/include/vltstd -DVM_COVERAGE=0 -DVM_SC=0 -DVM_TRACE=1 -faligned-new -fcf-protection=none -Wno-bool-operation -Wno-sign-compare -Wno-uninitialized -Wno-unused-but-set-variable -Wno-unused-parameter -Wno-unused-variable -Wno-shadow       -c -o sim_main.o ../sim_main.cpp
g++  -I.  -MMD -I/usr/share/verilator/include -I/usr/share/verilator/include/vltstd -DVM_COVERAGE=0 -DVM_SC=0 -DVM_TRACE=1 -faligned-new -fcf-protection=none -Wno-bool-operation -Wno-sign-compare -Wno-uninitialized -Wno-unused-but-set-variable -Wno-unused-parameter -Wno-unused-variable -Wno-shadow       -c -o verilated.o /usr/share/verilator/include/verilated.cpp
g++  -I.  -MMD -I/usr/share/verilator/include -I/usr/share/verilator/include/vltstd -DVM_COVERAGE=0 -DVM_SC=0 -DVM_TRACE=1 -faligned-new -fcf-protection=none -Wno-bool-operation -Wno-sign-compare -Wno-uninitialized -Wno-unused-but-set-variable -Wno-unused-parameter -Wno-unused-variable -Wno-shadow       -c -o verilated_vcd_c.o /usr/share/verilator/include/verilated_vcd_c.cpp
/usr/bin/perl /usr/share/verilator/bin/verilator_includer -DVL_INCLUDE_OPT=include Vtop.cpp Vtop_if_axi_light.cpp Vtop_if_axi_light__AC4.cpp > Vtop__ALLcls.cpp
/usr/bin/perl /usr/share/verilator/bin/verilator_includer -DVL_INCLUDE_OPT=include Vtop__Trace.cpp Vtop__Syms.cpp Vtop__Trace__Slow.cpp > Vtop__ALLsup.cpp
g++  -I.  -MMD -I/usr/share/verilator/include -I/usr/share/verilator/include/vltstd -DVM_COVERAGE=0 -DVM_SC=0 -DVM_TRACE=1 -faligned-new -fcf-protection=none -Wno-bool-operation -Wno-sign-compare -Wno-uninitialized -Wno-unused-but-set-variable -Wno-unused-parameter -Wno-unused-variable -Wno-shadow       -c -o Vtop__ALLcls.o Vtop__ALLcls.cpp
g++  -I.  -MMD -I/usr/share/verilator/include -I/usr/share/verilator/include/vltstd -DVM_COVERAGE=0 -DVM_SC=0 -DVM_TRACE=1 -faligned-new -fcf-protection=none -Wno-bool-operation -Wno-sign-compare -Wno-uninitialized -Wno-unused-but-set-variable -Wno-unused-parameter -Wno-unused-variable -Wno-shadow       -c -o Vtop__ALLsup.o Vtop__ALLsup.cpp
ar -cr Vtop__ALL.a Vtop__ALLcls.o Vtop__ALLsup.o
ranlib Vtop__ALL.a
g++    sim_main.o verilated.o verilated_vcd_c.o Vtop__ALL.a    -o Vtop -lm -lstdc++ 
make[1]: Leaving directory '/home/user/soc_frame/systems/SoC_approx/obj_dir'
make: Leaving directory '/home/user/soc_frame/systems/SoC_approx'
make: Entering directory '/home/user/soc_frame/sw/programs/sharpen_fm'
rm -f main.elf main.bin main.hex main.map objdump *.su *.o rv32*
make: Leaving directory '/home/user/soc_frame/sw/programs/sharpen_fm'

--------------------
starting 2x2_16
--------------------




shift by: 0


11553
64
0
0
0
0
128
0
0
64
0
0
64
192
0
0
128
128
0
0
64
128
255
64
64
255
64
64
0
64
64
192
0
0
128
128
255
0
128
192
192
64
64
128
64
64
255
64
128
192
0
64
128
192
255
64
0
0
192
128
128
255
64
128
0
128
0
0
0
0
255
255
0
0
0
0
255
128
128
0
128
128
0
0
0
0
0
64
255
255
255
128
128
128
192
64
64
192
0
64
128
0
0
255
128
255
255
255
192
3708685



shift by: 1


3715733
0
0
0
0
0
64
0
0
0
96
96
32
128
0
128
32
64
0
128
32
96
192
192
32
255
128
192
0
128
32
128
64
0
224
96
192
128
96
128
128
0
32
224
160
160
192
0
64
128
128
32
192
128
192
0
0
0
160
224
64
255
160
224
0
64
0
32
0
0
255
255
128
0
0
0
224
32
64
0
32
64
0
0
0
0
128
160
255
192
255
192
224
32
255
128
192
96
96
0
96
96
0
255
64
160
255
255
255
7417369



shift by: 1


7424417
0
0
0
0
0
64
0
0
0
96
96
32
128
0
128
32
64
0
128
32
96
192
192
32
255
128
192
0
128
32
128
64
0
224
96
192
128
96
128
128
0
32
224
160
160
192
0
64
128
128
32
192
128
192
0
0
0
160
224
64
255
160
224
0
64
0
32
0
0
255
255
128
0
0
0
224
32
64
0
32
64
0
0
0
0
128
160
255
192
255
192
224
32
255
128
192
96
96
0
96
96
0
255
64
160
255
255
255
11126053



shift by: 1


11133101
0
0
0
0
0
64
0
0
0
96
96
32
128
0
128
32
64
0
128
32
96
192
192
32
255
128
192
0
128
32
128
64
0
224
96
192
128
96
128
128
0
32
224
160
160
192
0
64
128
128
32
192
128
192
0
0
0
160
224
64
255
160
224
0
64
0
32
0
0
255
255
128
0
0
0
224
32
64
0
32
64
0
0
0
0
128
160
255
192
255
192
224
32
255
128
192
96
96
0
96
96
0
255
64
160
255
255
255
14834737



shift by: 1


14841785
0
0
0
0
0
64
0
0
0
96
96
32
128
0
128
32
64
0
128
32
96
192
192
32
255
128
192
0
128
32
128
64
0
224
96
192
128
96
128
128
0
32
224
160
160
192
0
64
128
128
32
192
128
192
0
0
0
160
224
64
255
160
224
0
64
0
32
0
0
255
255
128
0
0
0
224
32
64
0
32
64
0
0
0
0
128
160
255
192
255
192
224
32
255
128
192
96
96
0
96
96
0
255
64
160
255
255
255
18543421



shift by: 1


18550469
0
0
0
0
0
64
0
0
0
96
96
32
128
0
128
32
64
0
128
32
96
192
192
32
255
128
192
0
128
32
128
64
0
224
96
192
128
96
128
128
0
32
224
160
160
192
0
64
128
128
32
192
128
192
0
0
0
160
224
64
255
160
224
0
64
0
32
0
0
255
255
128
0
0
0
224
32
64
0
32
64
0
0
0
0
128
160
255
192
255
192
224
32
255
128
192
96
96
0
96
96
0
255
64
160
255
255
255
22252105



shift by: 1


22259153
0
0
0
0
0
64
0
0
0
96
96
32
128
0
128
32
64
0
128
32
96
192
192
32
255
128
192
0
128
32
128
64
0
224
96
192
128
96
128
128
0
32
224
160
160
192
0
64
128
128
32
192
128
192
0
0
0
160
224
64
255
160
224
0
64
0
32
0
0
255
255
128
0
0
0
224
32
64
0
32
64
0
0
0
0
128
160
255
192
255
192
224
32
255
128
192
96
96
0
96
96
0
255
64
160
255
255
255
25960789



shift by: 1


25967837
0
0
0
0
0
64
0
0
0
96
96
32
128
0
128
32
64
0
128
32
96
192
192
32
255
128
192
0
128
32
128
64
0
224
96
192
128
96
128
128
0
32
224
160
160
192
0
64
128
128
32
192
128
192
0
0
0
160
224
64
255
160
224
0
64
0
32
0
0
255
255
128
0
0
0
224
32
64
0
32
64
0
0
0
0
128
160
255
192
255
192
224
32
255
128
192
96
96
0
96
96
0
255
64
160
255
255
255
29669473



shift by: 1


29676521
0
0
0
0
0
64
0
0
0
96
96
32
128
0
128
32
64
0
128
32
96
192
192
32
255
128
192
0
128
32
128
64
0
224
96
192
128
96
128
128
0
32
224
160
160
192
0
64
128
128
32
192
128
192
0
0
0
160
224
64
255
160
224
0
64
0
32
0
0
255
255
128
0
0
0
224
32
64
0
32
64
0
0
0
0
128
160
255
192
255
192
224
32
255
128
192
96
96
0
96
96
0
255
64
160
255
255
255
33378157



shift by: 1


33385205
0
0
0
0
0
64
0
0
0
96
96
32
128
0
128
32
64
0
128
32
96
192
192
32
255
128
192
0
128
32
128
64
0
224
96
192
128
96
128
128
0
32
224
160
160
192
0
64
128
128
32
192
128
192
0
0
0
160
224
64
255
160
224
0
64
0
32
0
0
255
255
128
0
0
0
224
32
64
0
32
64
0
0
0
0
128
160
255
192
255
192
224
32
255
128
192
96
96
0
96
96
0
255
64
160
255
255
255
37086841



shift by: 1


37093889
0
0
0
0
0
64
0
0
0
96
96
32
128
0
128
32
64
0
128
32
96
192
192
32
255
128
192
0
128
32
128
64
0
224
96
192
128
96
128
128
0
32
224
160
160
192
0
64
128
128
32
192
128
192
0
0
0
160
224
64
255
160
224
0
64
0
32
0
0
255
255
128
0
0
0
224
32
64
0
32
64
0
0
0
0
128
160
255
192
255
192
224
32
255
128
192
96
96
0
96
96
0
255
64
160
255
255
255
40795525



shift by: 1


40802573
0
0
0
0
0
64
0
0
0
96
96
32
128
0
128
32
64
0
128
32
96
192
192
32
255
128
192
0
128
32
128
64
0
224
96
192
128
96
128
128
0
32
224
160
160
192
0
64
128
128
32
192
128
192
0
0
0
160
224
64
255
160
224
0
64
0
32
0
0
255
255
128
0
0
0
224
32
64
0
32
64
0
0
0
0
128
160
255
192
255
192
224
32
255
128
192
96
96
0
96
96
0
255
64
160
255
255
255
44504209



shift by: 1


44511257
0
0
0
0
0
64
0
0
0
96
96
32
128
0
128
32
64
0
128
32
96
192
192
32
255
128
192
0
128
32
128
64
0
224
96
192
128
96
128
128
0
32
224
160
160
192
0
64
128
128
32
192
128
192
0
0
0
160
224
64
255
160
224
0
64
0
32
0
0
255
255
128
0
0
0
224
32
64
0
32
64
0
0
0
0
128
160
255
192
255
192
224
32
255
128
192
96
96
0
96
96
0
255
64
160
255
255
255
48212893



shift by: 1


48219941
0
0
0
0
0
64
0
0
0
96
96
32
128
0
128
32
64
0
128
32
96
192
192
32
255
128
192
0
128
32
128
64
0
224
96
192
128
96
128
128
0
32
224
160
160
192
0
64
128
128
32
192
128
192
0
0
0
160
224
64
255
160
224
0
64
0
32
0
0
255
255
128
0
0
0
224
32
64
0
32
64
0
0
0
0
128
160
255
192
255
192
224
32
255
128
192
96
96
0
96
96
0
255
64
160
255
255
255
51921577



shift by: 1


51928625
0
0
0
0
0
64
0
0
0
96
96
32
128
0
128
32
64
0
128
32
96
192
192
32
255
128
192
0
128
32
128
64
0
224
96
192
128
96
128
128
0
32
224
160
160
192
0
64
128
128
32
192
128
192
0
0
0
160
224
64
255
160
224
0
64
0
32
0
0
255
255
128
0
0
0
224
32
64
0
32
64
0
0
0
0
128
160
255
192
255
192
224
32
255
128
192
96
96
0
96
96
0
255
64
160
255
255
255
55630261



shift by: 1


55637309
0
0
0
0
0
64
0
0
0
96
96
32
128
0
128
32
64
0
128
32
96
192
192
32
255
128
192
0
128
32
128
64
0
224
96
192
128
96
128
128
0
32
224
160
160
192
0
64
128
128
32
192
128
192
0
0
0
160
224
64
255
160
224
0
64
0
32
0
0
255
255
128
0
0
0
224
32
64
0
32
64
0
0
0
0
128
160
255
192
255
192
224
32
255
128
192
96
96
0
96
96
0
255
64
160
255
255
255
59338945



shift by: 1


59345993
0
0
0
0
0
64
0
0
0
96
96
32
128
0
128
32
64
0
128
32
96
192
192
32
255
128
192
0
128
32
128
64
0
224
96
192
128
96
128
128
0
32
224
160
160
192
0
64
128
128
32
192
128
192
0
0
0
160
224
64
255
160
224
0
64
0
32
0
0
255
255
128
0
0
0
224
32
64
0
32
64
0
0
0
0
128
160
255
192
255
192
224
32
255
128
192
96
96
0
96
96
0
255
64
160
255
255
255
63047629



shift by: 1


63054677
0
0
0
0
0
64
0
0
0
96
96
32
128
0
128
32
64
0
128
32
96
192
192
32
255
128
192
0
128
32
128
64
0
224
96
192
128
96
128
128
0
32
224
160
160
192
0
64
128
128
32
192
128
192
0
0
0
160
224
64
255
160
224
0
64
0
32
0
0
255
255
128
0
0
0
224
32
64
0
32
64
0
0
0
0
128
160
255
192
255
192
224
32
255
128
192
96
96
0
96
96
0
255
64
160
255
255
255
66756313



shift by: 1


66763361
0
0
0
0
0
64
0
0
0
96
96
32
128
0
128
32
64
0
128
32
96
192
192
32
255
128
192
0
128
32
128
64
0
224
96
192
128
96
128
128
0
32
224
160
160
192
0
64
128
128
32
192
128
192
0
0
0
160
224
64
255
160
224
0
64
0
32
0
0
255
255
128
0
0
0
224
32
64
0
32
64
0
0
0
0
128
160
255
192
255
192
224
32
255
128
192
96
96
0
96
96
0
255
64
160
255
255
255
70464997



shift by: 1


70472045
0
0
0
0
0
64
0
0
0
96
96
32
128
0
128
32
64
0
128
32
96
192
192
32
255
128
192
0
128
32
128
64
0
224
96
192
128
96
128
128
0
32
224
160
160
192
0
64
128
128
32
192
128
192
0
0
0
160
224
64
255
160
224
0
64
0
32
0
0
255
255
128
0
0
0
224
32
64
0
32
64
0
0
0
0
128
160
255
192
255
192
224
32
255
128
192
96
96
0
96
96
0
255
64
160
255
255
255
74173681



shift by: 1


74180729
0
0
0
0
0
64
0
0
0
96
96
32
128
0
128
32
64
0
128
32
96
192
192
32
255
128
192
0
128
32
128
64
0
224
96
192
128
96
128
128
0
32
224
160
160
192
0
64
128
128
32
192
128
192
0
0
0
160
224
64
255
160
224
0
64
0
32
0
0
255
255
128
0
0
0
224
32
64
0
32
64
0
0
0
0
128
160
255
192
255
192
224
32
255
128
192
96
96
0
96
96
0
255
64
160
255
255
255
77882365



shift by: 1


77889413
0
0
0
0
0
64
0
0
0
96
96
32
128
0
128
32
64
0
128
32
96
192
192
32
255
128
192
0
128
32
128
64
0
224
96
192
128
96
128
128
0
32
224
160
160
192
0
64
128
128
32
192
128
192
0
0
0
160
224
64
255
160
224
0
64
0
32
0
0
255
255
128
0
0
0
224
32
64
0
32
64
0
0
0
0
128
160
255
192
255
192
224
32
255
128
192
96
96
0
96
96
0
255
64
160
255
255
255
81591049



shift by: 1


81598097
0
0
0
0
0
64
0
0
0
96
96
32
128
0
128
32
64
0
128
32
96
192
192
32
255
128
192
0
128
32
128
64
0
224
96
192
128
96
128
128
0
32
224
160
160
192
0
64
128
128
32
192
128
192
0
0
0
160
224
64
255
160
224
0
64
0
32
0
0
255
255
128
0
0
0
224
32
64
0
32
64
0
0
0
0
128
160
255
192
255
192
224
32
255
128
192
96
96
0
96
96
0
255
64
160
255
255
255
85299733



shift by: 1


85306781
0
0
0
0
0
64
0
0
0
96
96
32
128
0
128
32
64
0
128
32
96
192
192
32
255
128
192
0
128
32
128
64
0
224
96
192
128
96
128
128
0
32
224
160
160
192
0
64
128
128
32
192
128
192
0
0
0
160
224
64
255
160
224
0
64
0
32
0
0
255
255
128
0
0
0
224
32
64
0
32
64
0
0
0
0
128
160
255
192
255
192
224
32
255
128
192
96
96
0
96
96
0
255
64
160
255
255
255
89008417



shift by: 1


89015465
0
0
0
0
0
64
0
0
0
96
96
32
128
0
128
32
64
0
128
32
96
192
192
32
255
128
192
0
128
32
128
64
0
224
96
192
128
96
128
128
0
32
224
160
160
192
0
64
128
128
32
192
128
192
0
0
0
160
224
64
255
160
224
0
64
0
32
0
0
255
255
128
0
0
0
224
32
64
0
32
64
0
0
0
0
128
160
255
192
255
192
224
32
255
128
192
96
96
0
96
96
0
255
64
160
255
255
255
92717101



shift by: 1


92724149
0
0
0
0
0
64
0
0
0
96
96
32
128
0
128
32
64
0
128
32
96
192
192
32
255
128
192
0
128
32
128
64
0
224
96
192
128
96
128
128
0
32
224
160
160
192
0
64
128
128
32
192
128
192
0
0
0
160
224
64
255
160
224
0
64
0
32
0
0
255
255
128
0
0
0
224
32
64
0
32
64
0
0
0
0
128
160
255
192
255
192
224
32
255
128
192
96
96
0
96
96
0
255
64
160
255
255
255
96425785



shift by: 1


96432833
0
0
0
0
0
64
0
0
0
96
96
32
128
0
128
32
64
0
128
32
96
192
192
32
255
128
192
0
128
32
128
64
0
224
96
192
128
96
128
128
0
32
224
160
160
192
0
64
128
128
32
192
128
192
0
0
0
160
224
64
255
160
224
0
64
0
32
0
0
255
255
128
0
0
0
224
32
64
0
32
64
0
0
0
0
128
160
255
192
255
192
224
32
255
128
192
96
96
0
96
96
0
255
64
160
255
255
255
100134469



shift by: 1


100141517
0
0
0
0
0
64
0
0
0
96
96
32
128
0
128
32
64
0
128
32
96
192
192
32
255
128
192
0
128
32
128
64
0
224
96
192
128
96
128
128
0
32
224
160
160
192
0
64
128
128
32
192
128
192
0
0
0
160
224
64
255
160
224
0
64
0
32
0
0
255
255
128
0
0
0
224
32
64
0
32
64
0
0
0
0
128
160
255
192
255
192
224
32
255
128
192
96
96
0
96
96
0
255
64
160
255
255
255
103843153



shift by: 1


103850201
0
0
0
0
0
64
0
0
0
96
96
32
128
0
128
32
64
0
128
32
96
192
192
32
255
128
192
0
128
32
128
64
0
224
96
192
128
96
128
128
0
32
224
160
160
192
0
64
128
128
32
192
128
192
0
0
0
160
224
64
255
160
224
0
64
0
32
0
0
255
255
128
0
0
0
224
32
64
0
32
64
0
0
0
0
128
160
255
192
255
192
224
32
255
128
192
96
96
0
96
96
0
255
64
160
255
255
255
107551837



shift by: 1


107558885
0
0
0
0
0
64
0
0
0
96
96
32
128
0
128
32
64
0
128
32
96
192
192
32
255
128
192
0
128
32
128
64
0
224
96
192
128
96
128
128
0
32
224
160
160
192
0
64
128
128
32
192
128
192
0
0
0
160
224
64
255
160
224
0
64
0
32
0
0
255
255
128
0
0
0
224
32
64
0
32
64
0
0
0
0
128
160
255
192
255
192
224
32
255
128
192
96
96
0
96
96
0
255
64
160
255
255
255
111260521



shift by: 1


111267569
0
0
0
0
0
64
0
0
0
96
96
32
128
0
128
32
64
0
128
32
96
192
192
32
255
128
192
0
128
32
128
64
0
224
96
192
128
96
128
128
0
32
224
160
160
192
0
64
128
128
32
192
128
192
0
0
0
160
224
64
255
160
224
0
64
0
32
0
0
255
255
128
0
0
0
224
32
64
0
32
64
0
0
0
0
128
160
255
192
255
192
224
32
255
128
192
96
96
0
96
96
0
255
64
160
255
255
255
114969205



shift by: 1


114976253
0
0
0
0
0
64
0
0
0
96
96
32
128
0
128
32
64
0
128
32
96
192
192
32
255
128
192
0
128
32
128
64
0
224
96
192
128
96
128
128
0
32
224
160
160
192
0
64
128
128
32
192
128
192
0
0
0
160
224
64
255
160
224
0
64
0
32
0
0
255
255
128
0
0
0
224
32
64
0
32
64
0
0
0
0
128
160
255
192
255
192
224
32
255
128
192
96
96
0
96
96
0
255
64
160
255
255
255
118677889
main time: -886392003
